generation,N_shifts,logPrior,logLik,eventRate,acceptRate
0,1,2.14481,-365.88,2,0
10000,1,-1.28748,-296.155,1.93106,0.499
20000,0,-2.59554,-305.946,2.64714,0.522
30000,0,-2.13963,-305.225,1.80331,0.47
40000,0,0.61536,-305.569,0.832139,0.428
50000,1,1.57785,-298.219,1.321,0.483
60000,0,0.652843,-305.383,0.444612,0.411
70000,0,-1.65093,-306.521,0.225952,0.42
80000,0,0.655128,-306.02,0.113403,0.403
90000,1,2.05786,-298.934,0.258115,0.482
100000,0,0.355343,-306.051,0.633953,0.395
110000,0,-2.00975,-305.644,1.01641,0.4
120000,1,-0.236013,-296.743,0.485973,0.462
130000,0,-1.50444,-305.343,0.587713,0.451
140000,1,2.09155,-297.409,0.283625,0.477
150000,1,0.723777,-306.335,1.22849,0.504
160000,1,-1.20226,-295.404,3.02295,0.51
170000,1,1.3062,-297.412,2.44477,0.518
180000,1,-2.55226,-299.63,0.867672,0.475
190000,0,0.446934,-307.317,0.684485,0.423
200000,0,0.750587,-305.099,0.538258,0.42
210000,0,0.241455,-306.2,1.25571,0.44
220000,0,0.158736,-305.153,0.920201,0.504
230000,0,-1.5135,-305.151,0.387564,0.423
240000,0,0.946767,-306.236,0.0973558,0.421
250000,0,0.186388,-305.195,1.71946,0.48
260000,0,-1.58568,-305.388,0.698828,0.476
270000,2,-2.24987,-306.831,4.3308,0.509
280000,0,-2.50043,-305.638,1.99725,0.443
290000,0,-2.01571,-305.634,1.17258,0.421
300000,2,-0.149996,-300.564,1.4785,0.523
310000,0,0.32053,-308.741,0.258293,0.389
320000,0,-1.97753,-307.29,0.367451,0.35
330000,0,0.909085,-305.204,0.132394,0.399
340000,0,0.906333,-305.823,0.0422376,0.405
350000,0,-1.49979,-305.603,0.046545,0.388
360000,0,0.47711,-305.372,0.911396,0.388
370000,0,-0.67052,-307.286,1.71811,0.409
380000,1,1.45352,-296.103,1.6729,0.509
390000,1,0.385106,-299.615,1.54676,0.488
400000,1,1.57539,-299.183,0.407357,0.474
410000,0,-1.4221,-305.714,0.186003,0.422
420000,1,-2.37944,-306.944,0.825085,0.432
430000,1,1.72961,-295.439,1.24843,0.504
440000,2,2.46672,-297.615,3.12093,0.565
450000,1,1.91498,-308.307,1.0256,0.454
460000,0,-1.85702,-305.514,0.797397,0.41
470000,0,-1.53177,-305.734,0.296295,0.402
480000,0,0.530087,-307.133,0.408837,0.381
490000,1,-3.84526,-298.14,2.08082,0.511
500000,1,0.793475,-303.329,1.92462,0.46
510000,1,0.640075,-300.078,2.54786,0.502
520000,1,-0.713601,-302.2,0.330019,0.435
530000,0,-1.37736,-306.956,0.253172,0.466
540000,0,-1.61516,-306.496,0.331111,0.408
550000,0,-1.78682,-305.374,0.755384,0.411
560000,0,0.26864,-306.084,0.636367,0.424
570000,0,0.400754,-306.926,0.258528,0.417
580000,0,0.745846,-305.284,0.145242,0.419
590000,0,0.9079,-305.643,0.12475,0.396
600000,0,0.68387,-306.012,0.0775361,0.383
610000,0,-1.71542,-305.998,0.312749,0.396
620000,0,0.699069,-305.987,0.205069,0.399
630000,0,0.461734,-305.241,0.986345,0.439
640000,1,-1.18731,-301.595,2.27672,0.466
650000,1,-1.63067,-297.615,3.46415,0.503
660000,2,-1.77884,-297.876,1.14985,0.497
670000,1,-0.847251,-305.48,2.0999,0.48
680000,1,-0.701214,-296.804,1.95811,0.53
690000,1,-0.488205,-295.978,1.6155,0.485
700000,1,-1.20103,-301.082,0.994465,0.469
710000,0,0.3803,-306.269,0.800838,0.429
720000,0,0.385775,-309.615,0.167972,0.353
730000,0,0.558853,-308.391,0.476908,0.442
740000,0,0.871427,-305.173,0.0660331,0.415
750000,0,-0.281939,-310.32,0.0424949,0.355
760000,0,0.465897,-307.628,0.00437326,0.406
770000,0,0.233598,-309.369,0.013066,0.382
780000,0,0.663993,-305.823,0.0314144,0.391
790000,0,-1.54552,-305.718,0.0288095,0.404
800000,0,-1.64267,-307.002,0.28659,0.368
810000,0,0.569424,-306.164,0.401943,0.431
820000,0,0.889709,-305.03,0.204985,0.444
830000,0,0.596869,-305.364,0.432232,0.459
840000,1,-0.0529541,-298.387,0.95725,0.49
850000,0,0.60484,-305.533,0.548416,0.428
860000,1,0.461684,-299.217,1.2186,0.471
870000,1,-1.54299,-298.529,2.02857,0.463
880000,0,0.158241,-306.147,1.11937,0.439
890000,1,0.984142,-301.063,0.816733,0.478
900000,0,0.251109,-305.917,0.774508,0.398
910000,0,-1.5888,-306.923,0.489146,0.416
920000,0,0.6459,-305.002,0.8627,0.457
930000,1,-1.84401,-301.155,3.18655,0.482
940000,0,0.854877,-305.292,0.266485,0.413
950000,1,-0.329965,-295.13,1.18319,0.514
960000,0,-1.47484,-305.409,0.472546,0.448
970000,1,-0.329009,-299.409,3.76169,0.535
980000,0,0.910154,-304.981,0.333448,0.406
990000,1,2.01237,-296.819,0.480128,0.472
1000000,0,-1.77174,-305.246,0.957179,0.405
1010000,0,-1.81038,-305.311,0.827544,0.442
1020000,0,0.154579,-306.082,1.2329,0.482
1030000,0,-1.8272,-305.177,1.01328,0.417
1040000,1,1.36758,-296.43,1.49728,0.52
1050000,1,-0.400507,-296.363,0.453173,0.451
1060000,1,1.53052,-297.851,0.589082,0.468
1070000,1,1.50417,-296.444,1.96774,0.496
1080000,1,1.83141,-298.113,0.514983,0.476
1090000,2,0.522863,-301.061,1.13643,0.491
1100000,0,0.537779,-305.668,0.743643,0.45
1110000,0,-1.94718,-305.452,0.992096,0.382
1120000,2,-0.188764,-300.714,2.00497,0.471
1130000,1,-0.695634,-298.107,1.72676,0.504
1140000,1,0.991427,-298.086,0.542821,0.473
1150000,1,1.09959,-295.495,0.596936,0.516
1160000,1,-1.17443,-297.183,2.56958,0.484
1170000,1,-2.03158,-297.454,3.45281,0.512
1180000,1,0.594652,-297.582,2.01153,0.485
1190000,0,-0.415053,-305.196,3.01898,0.557
1200000,1,1.38516,-296.934,0.755639,0.51
1210000,1,1.34307,-297.257,1.11064,0.475
1220000,1,-1.01156,-297.053,2.01386,0.477
1230000,1,0.775779,-296.762,0.963042,0.504
1240000,1,1.1461,-296.185,1.47081,0.476
1250000,1,-0.591792,-298.904,0.709248,0.49
1260000,2,-2.87046,-305.43,1.28773,0.458
1270000,2,0.682913,-295.681,3.89961,0.516
1280000,3,1.34848,-302.427,1.68396,0.514
1290000,1,0.911214,-299.601,0.597023,0.466
1300000,1,1.30247,-298.669,1.48668,0.495
1310000,0,0.842025,-305.835,0.212601,0.395
1320000,1,1.19182,-298.835,0.988451,0.461
1330000,0,-0.0115743,-306.385,0.878092,0.53
1340000,0,0.643685,-306.87,0.542229,0.439
1350000,0,-0.65014,-306.285,1.35975,0.482
1360000,0,0.812809,-304.77,0.383913,0.413
1370000,0,-1.29829,-305.401,0.128832,0.391
1380000,0,0.682241,-306.699,0.0798607,0.403
1390000,0,0.772173,-304.906,0.535075,0.48
1400000,0,0.805409,-305.069,0.408561,0.43
1410000,0,-1.30694,-305.283,0.161871,0.424
1420000,0,0.694033,-305.11,0.363454,0.429
1430000,1,1.42876,-304.651,1.30489,0.466
1440000,1,1.704,-311.618,0.481393,0.385
1450000,1,-0.93395,-297.805,0.98377,0.491
1460000,1,1.12695,-295.542,1.46198,0.498
1470000,2,3.0474,-299.7,1.49206,0.438
1480000,1,0.109011,-297.788,0.399164,0.499
1490000,1,1.80611,-298.955,0.487353,0.49
1500000,1,1.33115,-297.971,1.28002,0.502
1510000,2,-1.07314,-298.71,2.35919,0.492
1520000,2,1.54728,-299.53,2.94955,0.494
1530000,1,-1.99423,-298.936,1.45516,0.474
1540000,0,0.596927,-306.381,0.95169,0.502
1550000,1,1.77029,-297.657,1.21568,0.459
1560000,0,0.775951,-304.795,0.536184,0.44
1570000,0,-1.73851,-305.161,0.952817,0.432
1580000,2,-0.967904,-299.474,1.48363,0.481
1590000,1,1.5052,-296.472,1.92232,0.513
1600000,1,-1.02285,-299.227,4.93088,0.543
1610000,0,0.655099,-304.822,0.627162,0.447
1620000,0,-1.57002,-306.189,0.665096,0.449
1630000,1,-0.409696,-298.107,0.764938,0.488
1640000,1,2.12247,-296.053,1.02182,0.471
1650000,0,-1.49051,-306.019,0.528689,0.469
1660000,0,0.478626,-304.96,0.866743,0.428
1670000,0,0.878135,-304.774,0.156904,0.42
1680000,0,0.751179,-304.781,0.0296541,0.431
1690000,0,-1.19781,-305.494,0.0204931,0.425
1700000,0,1.08132,-305.579,0.0413598,0.415
1710000,0,0.763507,-305.889,0.0474684,0.409
1720000,0,1.04436,-306.053,0.0688908,0.43
1730000,0,-1.24504,-305.213,0.0334341,0.414
1740000,1,-1.82769,-303.594,0.156218,0.422
1750000,0,-1.51842,-305.347,0.274896,0.423
1760000,0,0.45156,-306.463,0.116265,0.402
1770000,0,0.696883,-305.486,0.190972,0.397
1780000,0,0.472597,-307.822,0.0530799,0.366
1790000,0,0.278065,-308.076,0.0217047,0.396
1800000,0,-1.51199,-306.307,0.148335,0.364
1810000,0,0.450397,-305.916,0.936895,0.483
1820000,1,0.192797,-298.578,2.14668,0.472
1830000,1,-0.0167799,-307.02,0.949919,0.431
1840000,0,-1.80433,-306.906,0.8639,0.418
1850000,0,-0.681624,-305.872,2.86034,0.51
1860000,1,-0.440244,-300.915,1.48446,0.473
1870000,0,-1.8629,-306.061,0.62578,0.401
1880000,1,-2.73309,-296.775,1.50906,0.476
1890000,0,0.0903972,-305.087,1.88033,0.461
1900000,0,0.244405,-308.786,1.28635,0.415
1910000,0,0.209522,-305.076,1.49057,0.451
1920000,0,0.621829,-304.926,0.878782,0.448
1930000,0,0.586998,-304.964,0.717839,0.426
1940000,0,0.737329,-305.408,0.579851,0.418
1950000,0,-0.15722,-306.26,1.8581,0.453
1960000,0,-0.557854,-306.44,2.71644,0.458
1970000,0,0.282215,-305.617,0.949795,0.424
1980000,0,0.639584,-305.53,0.371808,0.411
1990000,1,0.524591,-297.625,0.396422,0.484
2000000,1,-0.0729354,-299.602,1.89214,0.503
2010000,1,0.639293,-301.587,3.0984,0.505
2020000,1,-0.878904,-298.482,1.91136,0.491
2030000,1,-1.65331,-298.49,2.77973,0.51
2040000,0,0.361412,-306.021,1.05813,0.406
2050000,0,-0.342083,-307.363,1.88886,0.388
2060000,0,0.528661,-305.626,0.640623,0.415
2070000,0,-1.50018,-305.233,0.234071,0.412
2080000,0,0.65906,-305.886,0.355108,0.403
2090000,0,-1.63569,-305.452,0.46493,0.402
2100000,0,0.625139,-305.374,0.53057,0.405
2110000,0,0.809527,-305.248,0.230954,0.419
2120000,0,0.692292,-304.985,0.484347,0.404
2130000,0,0.625659,-304.909,0.841214,0.427
2140000,1,-0.069689,-299.038,0.32606,0.417
2150000,1,-0.642212,-297.178,1.15353,0.492
2160000,0,-1.60311,-305.205,0.481412,0.439
2170000,0,0.557461,-305.709,0.439038,0.413
2180000,1,0.355482,-303.121,1.24637,0.397
2190000,0,0.113596,-307.595,0.936397,0.416
2200000,0,-1.554,-305.317,0.263998,0.416
2210000,0,-1.93662,-305.646,1.02213,0.417
2220000,1,-0.805233,-299.945,1.19405,0.501
2230000,2,0.02277,-299.778,3.36044,0.526
2240000,1,-0.00603701,-297.375,3.61846,0.52
2250000,4,-0.480582,-301.972,4.75029,0.518
2260000,1,-2.81416,-298.324,1.25098,0.461
2270000,0,-1.62988,-305.165,0.74324,0.439
2280000,0,0.350767,-304.876,1.0195,0.443
2290000,0,0.606584,-305.531,0.621253,0.448
2300000,0,0.323003,-307.852,0.880544,0.428
2310000,0,-1.68949,-305.58,0.521789,0.415
2320000,0,0.736301,-305.663,0.474189,0.406
2330000,0,-1.8548,-305.773,0.645066,0.393
2340000,0,-1.65005,-306.42,0.481328,0.407
2350000,0,0.621375,-305.119,0.651763,0.417
2360000,0,-2.5219,-305.505,2.15581,0.424
2370000,0,0.331401,-305.845,0.889002,0.433
2380000,0,-1.82762,-306.776,0.231743,0.406
2390000,0,-1.47433,-305.706,0.115139,0.431
2400000,0,-1.58479,-306.417,0.10952,0.382
2410000,0,0.829505,-305.738,0.190913,0.402
2420000,0,0.186115,-304.96,0.59864,0.438
2430000,0,-1.90367,-305.232,1.03819,0.436
2440000,0,0.322866,-306.2,0.655331,0.4
2450000,0,0.572485,-305.476,0.455642,0.413
2460000,0,0.489251,-305.834,0.345024,0.412
2470000,1,-1.71104,-298.508,1.27178,0.48
2480000,0,-1.57297,-307.778,0.457262,0.445
2490000,0,0.557789,-305.572,0.569687,0.402
2500000,0,0.655688,-305.396,0.392807,0.397
2510000,0,0.889647,-305.984,0.0632116,0.378
2520000,0,0.658853,-307.698,0.324541,0.434
2530000,0,0.378506,-304.822,1.23599,0.448
2540000,0,-1.80851,-305.317,1.19643,0.421
2550000,0,0.589021,-305.462,0.966447,0.462
2560000,0,0.797368,-304.852,0.231156,0.397
2570000,0,-1.3338,-305.154,0.122848,0.445
2580000,0,0.880102,-305.133,0.219729,0.405
2590000,0,-1.68014,-307.817,0.840617,0.447
2600000,1,-0.249666,-299.349,3.89107,0.552
2610000,3,-0.561911,-297.659,3.24668,0.536
2620000,1,-1.53427,-297.696,0.680946,0.478
2630000,2,1.34855,-295.736,4.14785,0.503
2640000,1,1.37015,-298.942,1.78844,0.502
2650000,3,0.65392,-304.401,3.67339,0.539
2660000,1,-0.419902,-296.853,4.14059,0.542
2670000,1,-1.12273,-296.395,1.63665,0.497
2680000,1,1.81589,-299.121,0.648986,0.491
2690000,1,1.15861,-298.064,1.08814,0.495
2700000,1,1.19363,-296.517,1.81233,0.51
2710000,1,-0.451797,-298.303,1.66664,0.486
2720000,1,-1.00225,-297.694,1.77082,0.505
2730000,2,1.02608,-299.17,2.92454,0.495
2740000,1,1.41839,-297.57,1.03323,0.446
2750000,0,-1.37235,-305.832,0.221267,0.384
2760000,0,0.491615,-308.812,0.157398,0.398
2770000,0,0.924545,-308.078,0.138275,0.4
2780000,0,0.972602,-305.283,0.0283852,0.41
2790000,0,0.930654,-305.644,0.00960283,0.387
2800000,0,-1.25776,-306.141,0.0201523,0.386
2810000,0,1.03043,-305.388,0.00187145,0.417
2820000,0,0.472333,-306.519,0.0202989,0.407
2830000,0,0.753926,-305.845,0.132808,0.42
2840000,0,0.246206,-305.318,0.736499,0.431
2850000,1,-0.900929,-297.934,5.4161,0.516
2860000,1,-0.415072,-300.248,3.03534,0.468
2870000,1,-1.72609,-298.837,2.04783,0.504
2880000,2,0.645917,-297.644,1.3494,0.513
2890000,1,0.596513,-300.6,0.512929,0.447
2900000,0,0.0816102,-307.532,0.348543,0.391
2910000,0,0.276507,-307.288,0.105399,0.379
2920000,0,-0.183511,-305.412,0.0805719,0.409
2930000,0,0.246375,-306.97,0.171327,0.365
2940000,0,-1.57191,-305.841,0.0225706,0.379
2950000,0,0.803946,-305.335,0.132589,0.402
2960000,0,0.736897,-305.445,0.279583,0.42
2970000,0,0.420314,-305.058,1.185,0.458
2980000,0,-1.72077,-305.182,0.772272,0.485
2990000,0,-1.66042,-305.467,0.587135,0.401
3000000,1,-2.51585,-298.45,1.01973,0.462
3010000,2,0.236547,-299.097,4.73153,0.5
3020000,3,-4.85157,-298.179,4.8115,0.489
3030000,1,-1.50643,-298.298,1.4425,0.464
3040000,0,0.8433,-305.25,0.423015,0.424
3050000,1,2.30399,-296.056,0.481662,0.467
3060000,0,-1.47923,-305.168,0.445048,0.436
3070000,1,1.58004,-298.997,0.527508,0.47
3080000,1,-0.439387,-298.041,0.627297,0.468
3090000,1,-1.26212,-298.356,2.31136,0.5
3100000,1,1.58083,-297.578,1.1408,0.471
3110000,1,1.71349,-298.257,1.19475,0.466
3120000,1,-1.25182,-299.602,2.71293,0.503
3130000,0,0.562193,-306.105,0.935376,0.471
3140000,0,0.512244,-305.835,0.645241,0.421
3150000,0,0.0689234,-305.591,1.52795,0.414
3160000,1,0.238308,-307.031,1.58669,0.458
3170000,1,1.30499,-302.103,0.926743,0.471
3180000,0,-2.2767,-305.358,1.84408,0.413
3190000,0,0.386358,-305.013,1.31416,0.462
3200000,0,0.596918,-304.915,0.447354,0.453
3210000,0,0.156496,-305.1,0.455997,0.42
3220000,0,0.527508,-304.857,0.323328,0.463
3230000,0,0.893838,-305.429,0.263056,0.403
3240000,0,-1.40286,-305.186,0.135661,0.398
3250000,0,-1.46733,-305.188,0.217687,0.42
3260000,0,-1.60701,-305.63,0.188693,0.396
3270000,0,-1.85973,-305.452,0.812406,0.368
3280000,1,-0.787076,-296.316,1.11329,0.474
3290000,1,1.20798,-295.345,1.62295,0.479
3300000,1,1.046,-297.2,1.4223,0.487
3310000,1,0.0400704,-298.274,2.0154,0.498
3320000,1,1.09332,-296.995,1.18079,0.475
3330000,0,0.386405,-305.222,1.36283,0.474
3340000,1,-1.40956,-305.849,1.1297,0.441
3350000,0,0.300146,-305.378,1.47615,0.498
3360000,0,-2.20382,-307.198,0.838349,0.392
3370000,0,0.810206,-306.323,0.204782,0.412
3380000,1,1.4649,-296.648,0.276202,0.482
3390000,1,-0.717869,-298.902,0.360135,0.46
3400000,0,0.844153,-305.441,0.0900134,0.407
3410000,0,-1.50016,-306.089,0.15283,0.402
3420000,0,0.966571,-305.865,0.0383369,0.441
3430000,0,0.743889,-306.038,0.0661959,0.377
3440000,0,0.596462,-306.166,0.0398636,0.392
3450000,0,0.637301,-305.727,0.167455,0.384
3460000,1,1.50705,-298.062,0.847959,0.48
3470000,0,-0.161567,-305.241,2.35004,0.465
3480000,1,-2.87008,-298.172,1.22917,0.5
3490000,3,1.94851,-301.946,2.21583,0.505
3500000,1,1.20086,-298.311,0.4674,0.475
3510000,0,0.645696,-306.074,0.0621122,0.376
3520000,0,0.52127,-305.507,0.222194,0.41
3530000,1,0.855395,-305.014,0.504672,0.416
3540000,0,-1.31942,-305.206,0.157234,0.445
3550000,0,0.34287,-305.005,0.20221,0.431
3560000,0,0.766358,-305.451,0.1719,0.399
3570000,0,-1.66765,-305.685,0.563862,0.447
3580000,0,0.275395,-307.091,0.764378,0.436
3590000,0,-0.302241,-307.92,1.58828,0.452
3600000,0,0.633522,-305.846,0.346369,0.401
3610000,0,-2.36543,-306.521,1.66079,0.399
3620000,0,0.465709,-306.18,0.641251,0.407
3630000,0,0.332629,-305.521,1.0466,0.414
3640000,0,0.639017,-305.826,0.243508,0.383
3650000,0,-0.0231409,-306.897,1.21144,0.435
3660000,0,-0.693886,-306.541,2.58271,0.462
3670000,0,-2.05521,-305.746,1.31641,0.405
3680000,0,-0.287635,-305.481,2.38683,0.437
3690000,1,0.418132,-301.102,1.53767,0.45
3700000,1,-0.00318544,-300.766,1.47168,0.497
3710000,1,-1.87824,-298.822,2.9465,0.467
3720000,0,0.695783,-305.354,0.458977,0.4
3730000,0,0.39768,-305.435,1.0162,0.469
3740000,1,0.740142,-299.25,1.7596,0.453
3750000,0,0.225341,-308.004,0.428643,0.394
3760000,0,0.460619,-306.821,0.869994,0.471
3770000,0,0.0646996,-304.753,1.74952,0.505
3780000,1,0.328667,-298.417,2.90225,0.5
3790000,0,-0.0536756,-305.103,2.01184,0.462
3800000,0,0.636774,-305.52,0.47975,0.39
3810000,0,0.57405,-305.113,0.315494,0.441
3820000,0,-1.84863,-305.274,1.1317,0.419
3830000,0,-1.79448,-306.666,0.22574,0.375
3840000,0,0.354846,-307.732,0.692697,0.44
3850000,0,-0.0202191,-305.59,1.61326,0.423
3860000,0,0.468876,-307.255,0.413617,0.412
3870000,0,0.828417,-305.253,0.301617,0.404
3880000,0,0.759952,-305.975,0.461394,0.412
3890000,2,0.423913,-301.38,0.445742,0.465
3900000,0,-1.52943,-306.059,0.676186,0.451
3910000,0,-1.93798,-305.427,1.45168,0.453
3920000,2,0.616725,-294.841,1.12861,0.491
3930000,1,1.40102,-307.143,0.560035,0.447
3940000,0,-1.46933,-305.23,0.428995,0.425
3950000,0,0.287592,-305.999,0.999471,0.416
3960000,1,1.03335,-299.119,0.511534,0.474
3970000,0,-1.54476,-305.181,0.590504,0.411
3980000,2,1.3908,-299.083,0.587809,0.46
3990000,0,0.580812,-305.439,0.805923,0.492
4000000,1,0.754707,-298.992,1.02833,0.476
4010000,2,1.72867,-297.551,1.30558,0.535
4020000,1,-1.58592,-298.37,1.14279,0.484
4030000,2,-0.790558,-299.361,3.38544,0.542
4040000,2,0.45598,-304.58,2.32774,0.494
4050000,2,1.26074,-298.624,1.82956,0.526
4060000,1,1.81277,-297.294,0.833918,0.457
4070000,1,-1.47641,-296.734,2.99278,0.513
4080000,1,1.6424,-298.31,0.955134,0.496
4090000,0,0.522877,-306.889,0.278415,0.402
4100000,0,0.75915,-306.083,0.22343,0.406
4110000,0,-1.50655,-305.861,0.035782,0.383
4120000,0,0.74181,-306.26,0.0290629,0.433
4130000,0,-1.72238,-307.075,0.201557,0.394
4140000,1,-0.364725,-306.511,0.307414,0.446
4150000,0,-1.73311,-305.918,0.49486,0.399
4160000,0,-1.60011,-306.347,0.132729,0.418
4170000,0,-1.39057,-305.314,0.136748,0.415
4180000,0,0.853058,-305.259,0.0245487,0.402
4190000,0,0.774611,-307.689,0.0334294,0.413
4200000,0,0.637921,-306.399,0.0316422,0.38
4210000,0,-1.37161,-305.211,0.0341541,0.397
4220000,0,0.900125,-305.258,0.0461734,0.402
4230000,0,0.506842,-308.513,0.023462,0.414
4240000,0,0.895396,-305.324,0.213159,0.402
4250000,0,0.620848,-308.135,0.214871,0.417
4260000,1,-0.589691,-298.734,0.651196,0.456
4270000,1,0.962427,-300.616,0.747712,0.466
4280000,1,-0.787602,-297.512,1.32439,0.473
4290000,1,-0.63954,-297.761,1.06766,0.487
4300000,0,0.550994,-305.249,0.710187,0.415
4310000,0,0.793603,-305.521,0.0957282,0.389
4320000,0,0.493429,-305.453,0.230575,0.419
4330000,0,0.380813,-307.089,0.739143,0.415
4340000,0,-1.63308,-306.779,0.0882533,0.389
4350000,1,2.30353,-297.72,0.127634,0.458
4360000,0,-1.53596,-305.765,0.0727437,0.411
4370000,0,-1.64425,-306.18,0.0460224,0.388
4380000,0,-1.33741,-305.359,0.116917,0.404
4390000,0,0.46986,-306.018,0.315531,0.405
4400000,0,0.931245,-305.585,0.137463,0.417
4410000,0,0.442242,-307.208,1.02369,0.399
4420000,0,-1.71329,-305.28,0.823099,0.442
4430000,1,1.55747,-306.073,2.42511,0.495
4440000,1,0.990109,-296.115,0.989433,0.485
4450000,0,0.656045,-304.877,0.744519,0.441
4460000,1,1.09224,-296.144,1.42902,0.513
4470000,2,0.521733,-299.395,3.72618,0.536
4480000,1,0.307018,-297.851,2.93339,0.503
4490000,0,0.301036,-304.881,1.03054,0.443
4500000,1,1.04638,-305.227,1.0859,0.457
4510000,0,0.30022,-306.417,1.43312,0.468
4520000,2,1.19801,-302.668,0.257895,0.504
4530000,0,0.818763,-304.975,0.259825,0.428
4540000,0,0.478201,-305.579,0.0962766,0.405
4550000,0,-1.31841,-306.153,0.0911254,0.429
4560000,0,0.940007,-304.922,0.254092,0.415
4570000,1,2.13329,-299.547,0.284388,0.447
4580000,0,0.808188,-305.32,0.564677,0.466
4590000,0,0.402732,-305.078,1.34339,0.499
4600000,0,-1.38708,-305.94,0.239932,0.436
4610000,0,0.899798,-305.57,0.155774,0.416
4620000,0,0.900295,-305.57,0.087946,0.393
4630000,0,-1.58171,-306.536,0.042439,0.41
4640000,0,0.659831,-305.62,0.33632,0.391
4650000,0,-2.1566,-306.439,1.11298,0.381
4660000,0,-1.75273,-305.211,0.832415,0.464
4670000,0,0.796145,-304.842,0.294929,0.437
4680000,2,1.23634,-297.921,0.783089,0.473
4690000,0,0.533179,-305.556,0.936018,0.469
4700000,0,0.679743,-305.836,0.178989,0.373
4710000,0,0.534199,-305.241,0.734333,0.456
4720000,1,-0.505932,-308.006,1.82803,0.423
4730000,0,-0.106364,-305.243,2.30141,0.534
4740000,1,1.7711,-298.974,0.577038,0.504
4750000,1,-0.8071,-296.613,1.38652,0.502
4760000,0,-1.80534,-305.418,1.18028,0.489
4770000,1,-1.25067,-297,2.14663,0.506
4780000,1,-1.36193,-301.71,1.13877,0.46
4790000,0,0.0267741,-305.12,2.01018,0.481
4800000,0,-0.337155,-305.593,0.80503,0.462
4810000,1,-2.6151,-300.002,0.790005,0.491
4820000,1,0.0341739,-295.996,0.291484,0.456
4830000,0,0.418323,-305.133,1.01658,0.389
4840000,0,0.271818,-306.637,0.80116,0.411
4850000,0,-0.154162,-307.054,1.00179,0.375
4860000,0,0.82618,-305.18,0.227744,0.436
4870000,0,0.577932,-305.678,0.433434,0.418
4880000,1,1.61937,-297.78,0.255491,0.454
4890000,0,0.0687146,-305.39,1.50444,0.434
4900000,0,-1.73386,-305.472,0.674389,0.428
4910000,0,0.874832,-305.542,0.155304,0.408
4920000,0,0.420086,-307.017,0.464252,0.389
4930000,0,-1.68425,-306.56,0.133168,0.385
4940000,0,-1.902,-307.36,0.323955,0.37
4950000,0,0.793703,-305.875,0.108968,0.425
4960000,0,0.853678,-304.934,0.190447,0.454
4970000,0,0.6114,-305.059,0.234174,0.437
4980000,0,-1.54861,-305.498,0.265782,0.41
4990000,0,0.892811,-304.97,0.192061,0.401
